ID	Dream	cond_broad	Interactions	POS_int	NEG_int	NEUT_int	sos_int_prev_day	Known	Role	Strangers	Known_family	Known_Spouse	Known_Friends
20	2	E	9	1	1	5	2	9	0	0	0	2	7
19	3	E	5	1	0	0	3	1	0	4	1	0	0
2	4	E	6	1	0	2	2	5	1	3	0	0	5
2	5	E	6	0	0	3	2	3	1	4	0	0	3
2	6	E	4	0	0	2	2	1	1	3	0	0	1
3	8	E	5	0	0	3	2	0	2	4	0	0	0
10	9	E	9	4	4	1	2	9	0	2	7	0	2
10	10	E	3	1	0	2	2	5	0	0	0	0	5
11	15	E	5	1	0	2	3	3	0	2	0	0	3
11	16	E	6	1	0	4	3	6	0	2	1	0	5
19	17	E	10	1	3	2	3	2	1	9	0	0	2
3	21	E	2	0	0	1	5	2	0	0	2	0	0
10	22	E	4	1	1	1	3	0	0	6	0	0	0
24	26	E	8	1	1	3	2	1	1	9	0	0	1
24	27	E	4	0	0	3	3	0	1	3	0	0	0
11	28	E	7	0	2	4	2	7	0	0	0	2	5
19	29	E	12	1	0	9	3	9	3	7	0	9	0
25	30	E	1	0	0	1	4	0	0	1	0	0	0
10	31	E	2	0	0	1	4	3	0	0	0	0	3
25	32	E	8	0	1	6	4	13	0	1	8	0	5
10	33	E	4	0	0	1	4	2	0	5	0	0	2
22	34	E	1	0	0	0	2	0	0	1	0	0	0
7	37	E	5	0	1	2	5	3	3	2	1	0	2
7	38	E	5	1	0	2	5	5	2	1	0	0	5
7	39	E	6	0	1	4	5	5	1	2	0	0	5
20	41	E	4	1	0	2	5	3	0	3	0	0	3
20	42	E	10	1	1	3	5	0	0	11	0	0	0
26	43	E	12	2	0	7	2	5	5	2	0	0	5
26	44	E	11	2	0	6	2	0	11	4	0	0	0
15	45	E	12	0	0	8	3	1	0	16	0	0	1
15	46	E	6	1	0	4	3	4	0	2	0	0	4
15	47	E	14	5	0	7	3	3	6	11	0	0	3
21	48	E	7	0	0	4	3	1	0	7	0	1	0
21	49	E	2	0	0	1	3	1	0	0	0	1	0
21	50	E	6	1	1	2	4	5	0	5	1	0	4
28	51	E	13	2	2	8	2	0	0	24	0	0	0
24	52	E	6	0	2	3	2	0	1	7	0	0	0
22	53	E	4	0	0	3	3	3	1	0	0	0	3
19	54	E	8	0	0	0	3	0	1	1	0	0	0
25	55	E	10	3	0	5	4	8	0	7	1	0	7
10	56	E	9	4	1	3	3	1	0	12	0	0	1
10	57	E	4	0	0	4	4	1	0	2	0	0	1
3	60	E	1	0	0	1	5	0	1	1	0	0	0
5	61	E	9	1	0	8	3	7	4	5	3	0	4
22	65	E	9	2	0	4	2	8	0	4	8	0	0
26	66	E	20	4	4	4	3	18	0	6	2	2	14
25	67	E	23	5	0	13	3	10	14	8	0	0	10
19	68	E	2	0	0	1	4	0	0	2	0	0	0
22	69	E	1	0	0	0	3	1	0	1	1	0	0
10	70	E	6	3	0	1	3	5	2	1	1	0	4
2	71	E	5	0	0	3	2	4	0	4	0	0	4
24	72	E	21	3	3	10	3	2	3	21	0	0	2
25	73	E	1	0	0	1	3	2	0	0	1	0	1
26	74	E	5	0	3	2	3	0	0	7	0	0	0
26	75	E	23	6	2	11	3	6	0	22	3	0	3
19	76	E	5	2	0	3	3	7	0	0	4	1	2
10	77	E	2	0	1	1	2	0	0	3	0	0	0
24	78	E	6	0	0	4	2	0	2	4	0	0	0
2	79	E	6	0	2	2	2	7	0	0	3	0	4
22	80	E	7	0	4	2	3	0	1	10	0	0	0
21	82	E	7	2	1	3	3	2	2	6	0	1	1
2	86	E	5	0	0	4	3	4	0	4	0	0	4
19	87	E	9	1	0	5	3	7	1	4	0	0	7
25	88	E	2	0	0	2	3	0	0	2	0	0	0
10	89	E	2	0	0	2	2	1	0	2	1	0	0
22	90	E	1	0	0	0	3	0	0	1	0	0	0
24	91	E	20	5	2	12	4	16	3	5	2	0	14
26	92	E	6	1	0	3	2	6	0	3	1	0	5
20	94	E	10	3	1	4	3	10	1	5	0	0	10
20	96	E	12	5	0	6	3	7	0	6	7	0	0
10	110	E	2	0	0	2	3	2	0	0	0	0	2
24	115	E	4	1	1	2	4	0	2	2	0	0	0
26	116	E	42	9	7	20	4	3	2	47	0	0	3
26	123	E	7	1	0	4	3	5	1	4	1	0	4
26	124	E	22	4	6	7	3	7	1	28	7	0	0
2	141	E	2	1	0	0	4	4	0	3	1	1	2
2	142	E	3	1	1	0	3	3	2	0	1	0	2
10	144	E	4	0	0	3	3	1	3	1	0	0	1
20	148	E	2	0	0	2	3	2	0	0	0	0	2
24	149	E	14	2	1	7	3	3	0	17	0	0	3
24	150	E	4	0	1	2	3	4	0	3	0	0	4
19	151	E	3	1	0	2	2	3	0	0	0	0	3
19	152	E	3	1	0	1	2	2	0	3	0	0	2
19	153	E	1	0	0	1	2	0	0	1	0	0	0
24	159	E	4	1	0	2	3	4	0	0	0	0	4
25	162	E	7	0	2	3	4	1	0	9	0	0	1
25	166	E	7	1	1	2	4	4	0	5	1	0	3
25	167	E	4	1	0	2	4	2	0	2	0	0	2
22	168	E	16	1	6	8	4	12	7	9	11	0	1
2	169	E	4	0	1	2	2	3	0	3	2	0	1
22	170	E	18	5	3	5	4	1	4	28	1	0	0
22	171	E	10	4	0	4	3	12	0	2	11	0	1
19	173	E	2	0	1	1	2	0	0	2	0	0	0
19	174	E	5	0	0	4	2	4	0	1	0	0	4
25	175	E	6	1	0	4	4	1	0	7	0	0	1
24	176	E	10	1	1	5	3	6	0	3	0	0	6
26	178	E	5	1	2	2	2	0	1	6	0	0	0
26	179	E	2	0	0	2	2	0	0	2	0	0	0
26	180	E	6	0	1	3	2	3	0	3	1	0	2
26	181	E	13	1	1	8	2	10	0	6	8	0	2
20	184	E	10	2	1	5	4	5	2	13	0	0	5
20	185	E	10	1	2	5	4	4	2	4	0	0	4
22	186	E	3	0	0	2	2	4	0	1	1	0	3
2	187	E	4	0	1	1	3	6	0	1	0	0	6
19	188	E	5	0	0	4	3	4	0	2	0	0	4
19	189	E	19	2	11	5	3	0	20	15	0	0	0
10	190	E	1	0	0	0	5	0	0	1	0	0	0
19	191	E	7	1	0	2	3	0	0	7	0	0	0
19	192	E	2	0	0	2	3	3	0	0	2	0	1
24	193	E	6	0	1	3	4	6	0	0	0	0	6
26	194	E	5	3	2	0	3	5	0	0	4	0	1
22	195	E	0	0	0	0	2	0	0	0	0	0	0
22	196	E	2	0	0	2	2	2	0	0	0	0	2
22	197	E	7	1	0	5	2	8	0	1	8	0	0
28	201	E	2	0	0	2	4	1	0	1	0	1	0
19	202	E	9	3	3	2	2	6	2	7	6	0	0
20	203	E	15	3	3	6	4	12	0	4	2	7	3
19	204	E	6	0	1	5	2	5	2	4	0	0	5
20	205	E	6	1	0	3	2	6	0	0	1	0	5
24	206	E	9	2	1	2	3	1	0	8	0	0	1
26	207	E	29	3	1	15	2	23	0	13	12	0	11
2	208	E	27	10	3	7	3	15	6	18	2	2	11
22	209	E	6	1	0	4	3	6	0	0	2	0	4
5	210	E	3	0	0	2	4	3	1	1	0	0	3
10	211	E	4	1	0	1	3	4	0	1	0	0	4
10	212	E	1	0	0	1	3	1	0	0	0	0	1
19	214	E	1	0	0	0	2	0	0	2	0	0	0
19	215	E	2	1	0	1	2	0	1	1	0	0	0
10	216	E	6	1	0	4	3	6	0	1	0	6	0
10	217	E	0	0	0	0	3	0	0	0	0	0	0
22	218	E	1	0	0	1	3	0	0	1	0	0	0
25	219	E	7	1	1	2	4	4	0	0	0	0	4
26	220	E	35	3	2	24	2	33	0	19	17	9	7
2	221	E	6	2	0	4	3	2	0	6	0	0	2
24	222	E	4	0	0	4	3	0	0	7	0	0	0
24	223	E	8	4	0	3	3	2	0	8	0	0	2
27	225	E	3	1	0	2	5	3	0	1	0	0	3
27	228	E	1	0	0	0	3	0	1	0	0	0	0
19	248	E	4	1	2	1	3	0	4	1	0	0	0
19	249	E	6	0	1	3	3	5	0	2	0	0	5
27	250	E	4	0	0	3	3	3	0	5	0	0	3
21	257	E	1	0	0	1	3	1	0	0	0	1	0
21	259	E	14	2	1	10	3	9	1	11	2	0	7
21	260	E	2	0	0	1	3	2	0	0	0	2	0
21	261	E	5	0	0	4	4	8	0	0	0	5	3
21	263	E	2	0	1	0	4	1	0	1	0	0	1
5	264	E	13	4	0	6	4	7	2	8	0	0	7
28	265	E	1	0	0	1	3	0	0	1	0	0	0
28	266	E	7	0	0	5	5	0	6	3	0	0	0
3	267	E	9	2	1	4	5	6	0	3	6	0	0
28	269	E	1	0	0	1	2	0	0	1	0	0	0
27	270	E	1	0	1	0	3	1	0	0	0	0	1
7	272	E	3	0	0	3	3	0	0	3	0	0	0
7	273	E	2	1	0	1	5	1	0	1	0	0	1
5	274	E	4	2	0	1	4	4	0	0	4	0	0
5	275	E	0	0	0	0	3	0	0	0	0	0	0
5	276	E	6	0	0	4	3	0	6	0	0	0	0
5	277	E	7	1	0	6	3	7	3	0	0	0	7
5	278	E	6	1	0	4	3	9	0	1	4	5	0
30	279	E	2	0	0	2	3	1	0	0	0	0	1
30	280	E	2	0	0	1	3	0	0	2	0	0	0
30	281	E	2	0	0	0	2	0	0	2	0	0	0
11	282	E	1	0	0	0	4	0	0	1	0	0	0
11	283	E	0	0	0	0	4	0	0	0	0	0	0
27	284	E	2	0	0	2	3	1	0	2	0	0	1
11	285	E	4	0	0	3	2	3	0	2	0	0	3
28	286	E	0	0	0	0	4	0	0	0	0	0	0
15	287	E	6	1	0	4	3	9	0	0	0	5	4
15	288	E	8	0	2	2	3	0	1	8	0	0	0
7	289	E	8	0	1	5	4	1	2	3	1	0	0
5	301	E	3	0	0	3	4	3	0	0	2	0	1
7	319	E	2	0	0	1	3	0	0	3	0	0	0
27	326	E	1	0	0	1	4	0	0	1	0	0	0
11	332	E	6	1	0	3	3	5	0	2	0	0	5
11	333	E	5	0	0	4	3	8	0	0	2	2	4
27	334	E	3	0	0	1	5	3	1	0	0	0	3
27	335	E	10	0	1	7	5	8	0	4	0	0	8
3	341	E	0	0	0	0	4	0	0	0	0	0	0
7	342	E	8	2	3	3	4	3	0	5	0	0	3
28	343	E	8	1	2	2	3	3	0	7	0	0	3
3	344	E	5	1	0	3	3	2	0	4	0	0	2
7	345	E	5	0	1	4	2	6	0	0	0	0	6
27	346	E	1	0	0	1	3	1	0	1	0	0	1
27	347	E	6	2	2	2	3	6	1	3	0	0	6
28	348	E	0	0	0	0	4	0	0	0	0	0	0
7	350	E	2	0	0	1	2	2	0	0	0	1	1
7	351	E	7	0	0	5	4	8	0	3	0	0	8
27	352	E	1	0	0	0	3	1	0	0	0	0	1
27	353	E	4	2	0	2	3	5	0	0	3	0	2
27	354	E	3	1	0	0	3	2	1	1	0	0	2
28	355	E	0	0	0	0	5	0	0	0	0	0	0
7	356	E	3	0	0	3	3	3	2	1	0	0	3
28	357	E	0	0	0	0	4	0	0	0	0	0	0
27	362	E	1	0	0	1	3	0	0	1	0	0	0
27	363	E	1	0	0	0	5	1	0	0	0	0	1
7	364	E	1	0	0	1	5	0	0	2	0	0	0
30	365	E	4	0	0	3	3	1	0	3	0	0	1
28	366	E	4	0	0	3	5	0	3	1	0	0	0
3	368	E	0	0	0	0	4	0	0	0	0	0	0
3	371	E	8	1	0	5	3	8	1	2	0	0	8
30	372	E	7	3	0	2	3	0	8	4	0	0	0
30	373	E	6	1	2	2	2	2	0	6	2	0	0
30	374	E	6	1	0	3	4	6	3	3	0	0	6
30	375	E	2	0	0	2	5	2	0	2	0	0	2
30	376	E	2	0	0	0	4	0	0	2	0	0	0
11	378	E	1	0	0	1	3	1	0	1	0	0	1
11	379	E	5	1	2	2	3	6	0	1	0	0	6
11	381	E	2	0	0	1	3	0	0	2	0	0	0
11	382	E	0	0	0	0	1	0	0	0	0	0	0
5	389	E	11	2	1	6	4	3	8	0	0	3	0
5	390	E	12	1	3	6	3	8	0	9	3	0	5
5	391	E	7	4	1	0	3	6	0	0	0	6	0
5	392	E	15	3	0	9	3	17	0	2	16	0	1
28	97	I	2	0	0	1	5	0	0	3	0	0	0
25	98	I	1	0	0	0	1	1	0	0	0	0	1
10	103	I	8	0	1	4	1	2	8	5	0	0	2
10	105	I	3	1	0	0	1	1	0	2	0	0	1
10	106	I	1	1	0	0	1	0	0	1	0	0	0
10	107	I	3	1	1	0	1	0	3	1	0	0	0
10	108	I	3	1	0	1	1	0	0	3	0	0	0
10	109	I	4	0	0	4	1	1	0	5	0	1	0
24	112	I	7	1	1	4	1	0	4	6	0	0	0
24	113	I	17	2	1	9	1	18	0	7	11	0	7
24	114	I	5	2	0	2	1	5	0	0	5	0	0
22	120	I	14	2	1	8	1	14	0	4	9	0	5
22	122	I	0	0	0	0	1	0	0	0	0	0	0
26	128	I	9	0	3	5	1	0	5	10	0	0	0
26	129	I	4	0	1	0	1	0	0	4	0	0	0
26	130	I	2	0	0	2	1	0	0	3	0	0	0
26	131	I	7	1	0	5	1	0	0	6	0	0	0
26	132	I	19	5	4	7	1	2	0	22	0	0	2
26	133	I	3	0	0	2	1	3	0	0	0	0	3
2	135	I	7	1	1	3	1	8	0	2	2	0	6
2	136	I	5	1	0	2	1	8	0	0	3	0	5
2	137	I	3	1	0	2	1	3	0	0	0	0	3
2	138	I	4	0	0	0	1	4	0	0	1	0	3
2	139	I	1	0	0	0	1	0	0	1	0	0	0
2	140	I	5	2	0	1	1	6	0	0	2	0	4
20	145	I	17	3	6	4	1	5	0	15	2	3	0
20	146	I	13	4	0	7	1	10	2	1	0	4	6
20	147	I	6	0	1	5	1	8	0	0	7	0	1
25	154	I	4	1	0	3	1	4	0	3	0	0	4
25	156	I	2	1	1	0	1	0	2	0	0	0	0
25	157	I	16	2	1	8	1	21	3	1	0	4	17
22	158	I	0	0	0	0	1	0	0	0	0	0	0
22	160	I	3	0	1	1	1	3	0	0	3	0	0
22	161	I	0	0	0	0	1	0	0	0	0	0	0
25	163	I	8	2	0	3	1	3	0	9	3	0	0
25	164	I	5	1	2	2	1	4	0	1	0	0	4
25	165	I	3	1	0	1	1	0	0	5	0	0	0
26	182	I	3	1	0	1	1	0	0	3	0	0	0
26	183	I	6	0	2	3	1	6	0	0	6	0	0
19	234	I	3	0	1	1	1	0	3	2	0	0	0
19	235	I	8	2	0	4	1	8	0	2	2	0	6
19	236	I	8	0	2	6	1	7	0	0	0	0	7
19	237	I	4	0	1	2	1	2	1	1	0	0	2
19	239	I	2	0	0	1	1	0	0	3	0	0	0
19	240	I	4	1	0	2	1	0	0	4	0	0	0
19	241	I	2	0	0	1	1	0	0	2	0	0	0
19	242	I	6	0	2	2	1	3	2	2	0	3	0
19	243	I	7	0	0	4	1	6	3	2	0	0	6
19	244	I	2	1	0	1	2	1	2	1	0	0	1
19	245	I	7	1	1	5	2	6	1	1	0	6	0
19	246	I	2	0	0	1	2	2	0	0	0	0	2
19	247	I	3	0	0	1	2	1	0	2	0	0	1
21	252	I	11	1	1	6	1	6	0	7	6	0	0
21	253	I	7	0	1	4	1	8	1	1	0	0	8
21	254	I	8	1	0	4	1	1	0	8	1	0	0
21	255	I	15	5	0	6	1	21	0	3	7	0	14
21	256	I	2	0	0	0	1	1	1	2	0	0	1
3	293	I	1	0	0	0	1	0	0	1	0	0	0
3	294	I	7	2	0	4	1	6	2	0	6	0	0
3	295	I	3	0	2	0	1	2	0	1	0	0	2
3	296	I	7	1	0	4	1	5	0	6	0	0	5
27	303	I	7	1	0	5	1	7	1	0	2	0	5
27	305	I	1	0	0	1	1	1	0	0	0	0	1
5	307	I	17	5	2	8	1	5	0	11	5	0	0
5	308	I	3	0	0	3	1	2	3	0	2	0	0
5	309	I	4	1	0	3	1	1	3	1	1	0	0
5	310	I	3	0	0	3	1	1	0	2	0	0	1
5	311	I	3	0	0	2	1	3	0	0	3	0	0
27	312	I	1	0	0	1	1	1	0	0	1	0	0
27	313	I	1	1	0	0	1	1	0	0	1	0	0
27	314	I	1	0	0	1	1	1	0	0	1	0	0
27	315	I	1	1	0	0	1	1	0	0	0	0	1
27	317	I	4	0	1	1	1	2	0	3	0	0	2
27	318	I	1	0	1	0	1	1	0	0	0	0	1
28	322	I	1	0	0	1	3	0	0	1	0	0	0
28	323	I	1	0	0	1	3	0	0	1	0	0	0
28	324	I	1	0	0	1	3	0	0	1	0	0	0
28	325	I	3	0	0	2	2	0	0	3	0	0	0
11	329	I	1	0	0	1	1	0	0	1	0	0	0
11	331	I	3	0	0	1	1	1	0	2	1	0	0
3	337	I	2	0	0	1	1	2	0	0	2	0	0
3	338	I	2	0	0	2	1	0	2	0	0	0	0
3	339	I	12	5	0	5	1	1	1	10	0	0	1
3	340	I	6	0	0	5	1	2	3	4	0	0	2
29	360	I	2	1	0	1	1	3	0	0	0	0	3
7	383	I	1	0	0	0	1	0	0	1	0	0	0
7	385	I	2	0	0	1	1	2	0	0	0	0	2
7	386	I	8	0	2	5	1	2	2	5	0	0	2
7	387	I	4	0	0	3	1	0	2	3	0	0	0
7	388	I	4	2	0	1	1	2	0	2	1	0	1
